8.90185	8.9683	8.94445	8.8993	8.93285	8.9051	8.991	8.87705
9.1707	9.2332	9.20715	9.1496	9.2338	9.0659	9.12055	9.12775
9.03825	9.0291	9.0835	9.12515	9.05115	9.14925	9.14425	9.11175
8.8629	8.87915	8.8847	8.8697	8.8479	8.86635	8.87495	8.8925
8.6594	8.68375	8.68685	8.7294	8.7796	8.75585	8.6427	8.77585
8.86375	8.85905	8.86555	8.8211	8.81405	8.81325	8.8433	8.9081
8.551	8.5939	8.5403	8.58965	8.58265	8.54885	8.5909	8.5626
8.93395	8.9894	8.91985	8.94485	9.01435	9.0086	9.0461	9.05365


3.407625	3.32645	3.441875	3.2881	3.2702	3.29865	3.288825	3.399725
3.3094	3.299775	3.254325	3.333725	3.204825	3.4804	3.2579	3.4419
3.3169	3.250475	3.235875	3.083975	3.232625	3.20205	3.30785	3.0996
3.0556	3.101375	3.2141	3.143025	3.215275	3.103625	3.128125	3.05775
3.491425	3.38035	3.3981	3.4103	3.468925	3.388225	3.48675	3.29955
3.3794	3.4056	3.365775	3.38005	3.27435	3.28505	3.32215	3.510375
3.739875	3.600575	3.5958	3.6377	3.4872	3.505075	3.501	3.58245
3.3797	3.3305 3.29765	3.4636	3.3508	3.443425	3.320175	3.369675


1 1 1 1 1 1


3.79803 3.85686 3.87624 3.59283 3.67244 3.89441 3.89689
3.81584 0.00000 0.00000 3.74549 3.96203 3.81828 3.79544
3.64768 3.75486 4.14233 3.65617 3.82238 3.82527 3.88943
3.68650 3.38534 3.64262 3.85702 3.65007 3.64697 3.72461
5 5 5 5

-1527.72248 -1723.51248 -1667.83248 -1530.11248 -1596.14248 -1548.85248 -1737.01248 -1453.35248
-1535.68205 -1617.77205 -1707.06205 -1640.14205 -1858.82205 -1479.38205 -1554.54205 -1486.70205
-1903.21706 -1900.81706 -1981.72706 -2032.34706 -1852.18706 -2011.57706 -1988.22706 -1794.05706
-1919.78630 -1979.65630 -1973.52630 -1896.93630 -1836.85630 -1903.45630 -1904.21630 -1890.95630
-1580.77887 -1597.30887 -1525.92887 -1646.86887 -1732.14887 -1626.44887 -1452.08887 -1573.44887
-1928.64804 -1914.14804 -1990.39804 -1876.06804 -1875.63804 -1832.25804 -1852.75804 -1884.49804
-1474.47957 -1568.51957 -1441.90957 -1575.78957 -1563.83957 -1473.92957 -1537.20957 -1403.84957
-1826.21637 -1884.20637 -1678.25637 -1712.05637 -1847.68637 -1803.03637 -1841.89637 -1756.03637


-242.92	-391.37	-245.60	-290.48	-178.95	-315.49	-325.13	-334.95
-318.07	-219.38	-247.39	-254.59	-128.18	-402.45	-398.34	-359.61
-335.39	-361.27	-333.40	-239.43	-342.12	-372.18	-381.55	-213.00
-362.98	-332.89	-401.15	-297.63	-301.41	-328.61	-331.77	-250.05
-273.25	-177.61	-156.93	-104.52	-119.34	-241.18	-255.38	-195.21
-277.68	-206.19	-227.74	-179.28	-282.38	-163.07	-211.12	-191.06
-253.48	-341.68	-406.79	-308.45	-232.70	-288.45	-294.89	-261.69
-234.88	-170.43	-258.17	-253.46	-303.60	-275.64	-339.74	-260.19

0 0 0 0 0 0

51.95231 -37.27258 -55.20393 23.52780 14.88383 -118.58050 -68.82483
-26.74486 0.00000 0.00000 -22.83246 -77.64285 -34.42614 -91.64311
29.23077 -64.17149 -231.16654 -48.40083 -15.19608 -38.15290 -2.87881
-13.10278 20.01731 0.14816 -61.69264 -20.55593 -0.05836 -31.74447
0 0 0 0

0 0 0 0 0 0

23.75400 28.28900 7.20300 -37.35000 -1.07800 14.18700 17.64700
5.61700 200.00000 200.00000 8.57300 2.43900 12.65400 7.68900
12.78800 14.78900 3.08000 10.10500 10.02200 9.69700 10.67100
10.72900 3.08700 9.13300 12.19900 13.41900 8.23200 3.87500
41.847 47.548 49.341 49.904

1 1 1 1 1 1

1	1	1	1	1	1	1
1	1	1	1	1	1	1
1	1	1	1	1	1	1
1	1	1	1	1	1	1
1 1 1 1
